ScenarioID,Iteration,0
277,0,3615179.8790719598
277,1,3652372.646466428
277,2,3675933.372332922
277,3,3220719.1495475834
277,4,3458440.206252701
277,5,3489851.3042498347
277,6,3679533.7945014406
277,7,3365506.659065932
277,8,3528414.941922702
277,9,3662056.264045522
277,10,3620818.080856261
277,11,3608897.3450481305
277,12,3792921.6095413286
277,13,3629835.703321314
277,14,3432835.1995414593
277,15,3389941.100851293
277,16,3306578.2363235787
277,17,3332947.2917449973
277,18,3765309.059326179
277,19,4065029.2849304536
277,20,3603739.3308349615
277,21,3537560.841947999
277,22,3520979.8089626334
277,23,3634458.874976037
277,24,3610123.1870265957
277,25,3717151.530109189
277,26,3959693.126794781
277,27,3689246.618080753
277,28,3635273.9811128275
277,29,3862465.0563182053
277,30,3467385.519366447
277,31,3585194.2572283177
277,32,3814672.694854019
277,33,3599489.229343558
277,34,3482984.003016864
277,35,3382719.342053487
277,36,3879909.5290048677
277,37,3437633.336670921
277,38,3388956.7789858994
277,39,3588254.361391055
277,40,3616470.731639847
277,41,3925186.639521223
277,42,3843849.049400625
277,43,3617375.877131299
277,44,3460246.1386160646
277,45,3315689.4567237
277,46,3700039.478010249
277,47,3833671.988316292
277,48,3530215.539450686
277,49,3727571.6359675415
277,50,3513842.2440023497
277,51,3774019.0416350537
277,52,3373487.382999974
277,53,3399582.377308872
277,54,3686615.6229460267
277,55,3556255.0187004553
277,56,3429282.6050241953
277,57,3245158.032131171
277,58,3209757.8613430383
277,59,3032192.6548562916
277,60,3547676.0798382475
277,61,3665804.872861892
277,62,3629900.976818926
277,63,3752087.6518617035
277,64,3429451.345902152
277,65,3330437.9944710867
277,66,3647308.1115904553
277,67,3395649.78256305
277,68,3481412.0359915122
277,69,3655904.9647856015
277,70,3855204.2387839053
277,71,3489413.023996754
277,72,3808721.8320707567
277,73,3701344.362879165
277,74,3519257.444121504
277,75,3621622.5759202316
277,76,3071709.0275160777
277,77,3778440.047805873
277,78,3148206.3396496163
277,79,3780467.973228092
277,80,3253325.300879436
277,81,3648938.6869314886
277,82,3654528.405733514
277,83,3331360.627151482
277,84,3328963.7218165984
277,85,3742136.477068775
277,86,3665571.4299056227
277,87,3866783.7869901266
277,88,4010596.13384387
277,89,3217628.0033619124
277,90,3309175.286332092
277,91,3481511.2567443363
277,92,3369746.316426302
277,93,3393514.0552972313
277,94,3538444.0043050097
277,95,3557664.2476757355
277,96,3817287.992834
277,97,2889346.5525571476
277,98,3447015.9762435853
277,99,3702058.111121925
277,100,3490269.082032671
277,101,3223710.842664348
277,102,3658256.8157210858
277,103,3680229.0333702452
277,104,3963333.088329894
277,105,3635270.0877215625
277,106,3885830.469993234
277,107,3477618.817341703
277,108,3612863.494612947
277,109,3810589.0350317117
277,110,3578715.8535545603
277,111,3425374.805876633
277,112,3628891.844564427
277,113,3527163.337396698
277,114,2743306.1588789197
277,115,3692473.8515703822
277,116,3254472.7317824196
277,117,3787023.489662638
277,118,3483038.6634955206
277,119,3447512.454340999
277,120,3486351.4362699855
277,121,3684247.9088400276
277,122,3358464.0864055585
277,123,3435964.305512191
277,124,3494583.678509286
277,125,3691684.640237924
277,126,3838889.464207128
277,127,3642013.57471378
277,128,3281084.5254861386
277,129,3388266.2604772057
277,130,3316408.007782065
277,131,3338091.5645220866
277,132,3527015.904286135
277,133,3625693.395955812
277,134,3645211.3711760007
277,135,3485255.1467537084
277,136,3706129.4124378357
277,137,3811896.016034061
277,138,3021995.1149159046
277,139,3451937.7127097305
277,140,3656303.737210171
277,141,3599138.1394966696
277,142,3158867.8462061523
277,143,3675281.0623668036
277,144,3601881.822658373
277,145,3224578.406157943
277,146,3705684.5121735972
277,147,3884173.4553685784
277,148,3720170.3706873916
277,149,3811684.2395151346
277,150,3528740.9726331867
277,151,3822475.397650021
277,152,3803588.87029418
277,153,3766672.2623852883
277,154,3417188.6152557163
277,155,3536601.59505542
277,156,3267110.044817709
277,157,3726576.3442043993
277,158,3375700.005197608
277,159,3547337.89763825
277,160,3416844.320460625
277,161,3715314.624296443
277,162,3998849.519351683
277,163,3810379.5751501685
277,164,3968347.1757984324
277,165,2986098.216683355
277,166,3710621.5974972034
277,167,3990410.4049285227
277,168,3636606.2690357687
277,169,4013242.7899645464
277,170,3513721.778616032
277,171,3728459.6957338625
277,172,3533536.0291347886
277,173,3663384.10770217
277,174,3791047.9813745115
277,175,3329072.427092263
277,176,3210156.2685357984
277,177,3116772.9158905665
277,178,3557951.366431488
277,179,3964930.4448764315
277,180,2863455.6354635926
277,181,3083700.720202397
277,182,3295738.734656747
277,183,3282377.940472296
277,184,3519704.818927073
277,185,3775440.853616475
277,186,3397098.738949671
277,187,3708243.7720477665
277,188,3496536.3145189807
277,189,4014149.905342254
277,190,3797740.5394214154
277,191,3739229.69055309
277,192,3293628.423907291
277,193,3567030.409495238
277,194,3468578.319199311
277,195,3911785.658819381
277,196,3378689.6245954963
277,197,3377016.5384527855
277,198,3025556.599401426
277,199,3309294.8539021662
277,200,3748373.418341817
277,201,3935652.853541112
277,202,3583552.491407819
277,203,3657918.921533254
277,204,3324483.8749503237
277,205,3690730.8557593166
277,206,3577739.05485607
277,207,3487175.4055536273
277,208,3865598.5390551654
277,209,3508081.078447867
277,210,3866437.4834359195
277,211,3898230.805718942
277,212,3644964.4547082526
277,213,3585404.3164976165
277,214,3256477.7273225444
277,215,3853152.288101802
277,216,3540135.3261654107
277,217,3533896.714016629
277,218,3505779.7982853623
277,219,3703874.3748359503
277,220,3740986.4302751524
277,221,3818796.532650714
277,222,3398567.9359566825
277,223,3829707.573013495
277,224,3079634.849054828
277,225,3263928.9132767143
277,226,3756428.5310209626
277,227,3667493.219178575
277,228,3701566.6325562648
277,229,3400064.5449450705
277,230,3037644.3032139745
277,231,3857894.9149391185
277,232,3721983.375190405
277,233,3749589.87232907
277,234,3407908.0132597014
277,235,3507939.973553982
277,236,3309021.454431539
277,237,3493296.5724941785
277,238,3656892.572148124
277,239,3425381.9444384263
277,240,3684235.5868427954
277,241,3206678.8228595927
277,242,3645971.6898860843
277,243,3391330.7698388
277,244,3432114.9718078645
277,245,3655641.1966918902
277,246,3788199.712477563
277,247,3779209.650013742
277,248,3251869.4502939032
277,249,3129855.579431553
277,250,3302864.793279228
277,251,3032922.674786292
277,252,3781213.3005540753
277,253,3472998.255543418
277,254,3593969.146141013
277,255,3411617.8234995827
277,256,3142142.1111148926
277,257,3525152.839824346
277,258,3594498.287057129
277,259,3507727.594917863
277,260,4172805.9347542254
277,261,3779696.943074539
277,262,3369967.2223993037
277,263,3244225.456164973
277,264,3128840.2969764024
277,265,3430949.8720770697
277,266,3715706.828026197
277,267,3541670.4775776146
277,268,3805146.931450036
277,269,3568307.9129545433
277,270,3419527.109454729
277,271,3485005.0712836934
277,272,3759929.007492936
277,273,3275389.70251894
277,274,3738541.8197891135
277,275,3369299.1225652113
277,276,3760126.114254296
277,277,3420827.924039282
277,278,3831960.2346018106
277,279,3414457.105224149
277,280,3464893.7810161607
277,281,3757031.225905513
277,282,3648444.973562514
277,283,3874043.965420963
277,284,3438980.773717464
277,285,3574418.62904232
277,286,3839294.890638099
277,287,3618700.043741065
277,288,3410886.6726355627
277,289,3607969.120599513
277,290,3549693.476668559
277,291,3401317.639243351
277,292,3885005.041510327
277,293,3310663.289355627
277,294,3677654.43725741
277,295,3703482.0690030796
277,296,3549044.1817561397
277,297,3213156.5271125617
277,298,3340731.857005557
277,299,3738924.2104031537
277,300,3784503.9176707845
277,301,3567785.5186444586
277,302,3614654.3327476652
277,303,3739363.136970193
277,304,3796987.7015296957
277,305,3748960.8225824744
277,306,3442652.243799141
277,307,2985038.129126372
277,308,3562809.9586944818
277,309,4179361.9774403516
277,310,3304185.6649981965
277,311,3540951.326223092
277,312,3584294.1532755615
277,313,3950732.6350177913
277,314,3627935.034577364
277,315,3715032.0507471384
277,316,3340554.576497138
277,317,3395629.1353014503
277,318,3202267.5356660807
277,319,3716896.6533260667
277,320,3707088.722066671
277,321,3711452.231084132
277,322,3567819.4268072825
277,323,3806945.976743275
277,324,3584651.267868198
277,325,3340941.6544664213
277,326,3782312.1084702285
277,327,3534344.7350065727
277,328,3880394.763776466
277,329,4025991.270039271
277,330,3567635.284909188
277,331,3579203.689510363
277,332,3465073.1639994998
277,333,3459664.119105172
277,334,3658434.899634075
277,335,3345468.2536975555
277,336,3657027.169389878
277,337,3715775.1825637966
277,338,3772969.0886375955
277,339,3468731.5482858303
277,340,3821540.4838385857
277,341,3502488.585516635
277,342,3693389.2987680705
277,343,3872516.6939103995
277,344,3393851.68879508
277,345,3228182.377691194
277,346,3751616.0422464986
277,347,3760700.7222318333
277,348,3637732.225443422
277,349,3651452.542139967
277,350,3297979.97548732
277,351,3428120.1726023564
277,352,3552281.450318308
277,353,3471028.430838181
277,354,3821259.8081839667
277,355,3151465.4307559035
277,356,3675509.328118918
277,357,3439827.531198867
277,358,3235697.392959106
277,359,3763936.0152253136
277,360,3862703.9396087066
277,361,4115145.665555351
277,362,2914323.086104839
277,363,3260812.308416028
277,364,3199700.987385706
277,365,3365765.5404104386
277,366,3837450.813101044
277,367,3417225.838584679
277,368,3515754.3557338044
277,369,3590639.86082789
277,370,3774621.108881534
277,371,3880915.1858546985
277,372,3399859.7377266246
277,373,3574961.216410974
277,374,3259669.1976323025
277,375,3845941.606740347
277,376,3617588.4099743455
277,377,3278919.9729382335
277,378,3056575.6775220484
277,379,3597081.1042864625
277,380,3832785.5606316025
277,381,3630527.344042413
277,382,3730771.4727525217
277,383,3666183.963989171
277,384,3467074.3424009504
277,385,3371382.833465217
277,386,3419926.1095925956
277,387,3267203.4336335408
277,388,3371205.660210283
277,389,3463849.636190557
277,390,3569214.7846356253
277,391,3705158.9522310006
277,392,4025843.860775387
277,393,3908807.1734018517
277,394,3914909.390096886
277,395,3589332.145048953
277,396,3611604.6869886247
277,397,3606915.9025268033
277,398,3454106.2848023647
277,399,2904574.0612242124
277,400,3507351.4478968764
277,401,3123435.706503944
277,402,3660634.2311909944
277,403,3581483.430426336
277,404,3648928.6256352714
277,405,3806650.947151565
277,406,3254633.521848142
277,407,3482245.726335956
277,408,3418442.7968344325
277,409,3781981.8147417554
277,410,3079794.6771035045
277,411,2878221.3204056555
277,412,3278211.8090315387
277,413,3644561.037586825
277,414,3495261.470086974
277,415,3554321.3154492164
277,416,3944064.9525685706
277,417,3871445.7219323334
277,418,3784979.6488411305
277,419,3363665.8255824144
277,420,3770482.849820069
277,421,3552226.3534274404
277,422,3655365.04679101
277,423,3096634.79827393
277,424,3439778.1728492985
277,425,3459575.9065984255
277,426,3051788.5817580274
277,427,3735130.632505003
277,428,3930110.01296411
277,429,3591606.865577841
277,430,3761807.7596668126
277,431,3516836.88741634
277,432,3361786.9999583797
277,433,3634054.978746088
277,434,3614752.462353977
277,435,3469553.1959955776
277,436,3496545.9419759945
277,437,3506407.014215454
277,438,3731384.4052853845
277,439,3334594.035081234
277,440,3597072.1090444773
277,441,3512846.4347636914
277,442,3541991.5116501395
277,443,3530623.9446594333
277,444,3761472.1815712675
277,445,3981099.0488766436
277,446,3703260.261812525
277,447,3277089.382403071
277,448,3689253.4342661574
277,449,3098517.1185491565
277,450,3566332.9568142965
277,451,3746865.004435908
277,452,3695755.051906505
277,453,3487061.4818546064
277,454,3404140.8806552
277,455,3424931.6135459496
277,456,3531470.4771820144
277,457,3617454.912524592
277,458,3433204.3619360006
277,459,3627831.1855204585
277,460,2970651.053311213
277,461,3512968.0188283613
277,462,3697689.910412723
277,463,3511917.3860352617
277,464,3559786.3714752872
277,465,3856370.6362657933
277,466,3839620.5789061408
277,467,3826150.956655804
277,468,3481538.3431736557
277,469,3505933.5282118893
277,470,3605417.441756584
277,471,3526800.1465139245
277,472,3127523.8854722
277,473,3652310.974630062
277,474,3625458.5540586067
277,475,3682097.970926738
277,476,3220382.465585112
277,477,3478454.7983384617
277,478,4231570.884090255
277,479,3458587.3256514217
277,480,3738830.264730446
277,481,3545511.4779685573
277,482,3533226.2315602065
277,483,3775565.0680971704
277,484,3861627.5484950542
277,485,3455086.387957078
277,486,3462364.2651772937
277,487,3380182.259961561
277,488,3672488.030452744
277,489,3218042.867369374
277,490,3557874.3458025204
277,491,3643008.350427718
277,492,3735451.58984113
277,493,3534484.702087827
277,494,3600546.015434685
277,495,3562576.5261601093
277,496,3564292.3546620193
277,497,3292437.2302901484
277,498,3705902.9410629985
277,499,3613766.8657271494
